intensity1	intensity2
20.4	22
20.4	22
20.4	22
20.4	22
20.4	22
20.4	22
20.4	22
20.4	22
20.4	22
20.4	22
20.4	22
20.4	22
20.4	22
20.4	22
20.4	22
20.4	22
20.4	22
20.4	22
20.4	22
20.4	22
20.4	22
20.4	22
20.4	22
20.4	22
20.4	22
20.4	22
20.4	22
20.4	22
20.4	22
20.4	22
20.4	22
20.4	22
20.4	22
20.4	22
20.4	22
20.4	22
20.4	22
20.4	22
20.4	22
20.4	22
20.4	22.4
20.4	22.4
20.4	22.4
20.4	22.4
20.4	22.4
20.4	22.4
20.4	22.4
20.4	22.4
20.4	22.4
20.4	22.4
20.4	22.4
20.8	22.4
20.8	22.4
20.8	22.4
20.8	22.4
20.8	22.4
20.8	22.4
20.8	22.4
20.8	22.4
20.8	22.4
20.8	22.4
20.8	22.4
21.2	22.4
21.2	22.4
21.6	22.8
21.6	22.8
21.6	22.8
21.2	22.8
21.2	22.8
21.2	22.8
21.2	23.2
21.2	23.2
20.8	23.2
20.8	23.2
20.8	22.8
20.8	22.8
21.2	22.8
21.2	22.8
21.6	22.8
21.6	22.8
22	22.8
21.6	22.8
21.6	23.2
21.2	23.2
21.2	23.6
21.2	23.6
21.2	23.6
21.2	23.2
21.2	23.2
21.2	23.2
21.6	23.2
22	23.2
22.4	22.8
22.4	22.4
22.8	22.8
22.8	22.8
22.4	23.2
22	23.6
22	24
21.6	24.4
21.6	24
21.2	24
21.2	23.6
21.2	23.2
21.2	23.2
21.2	22.8
22	22.8
22.8	22.8
23.2	22.8
23.2	22.8
23.2	22.8
22.8	23.2
22.4	24
22	24.8
21.6	25.2
21.2	25.2
21.2	24.4
21.2	24
21.2	23.6
21.2	23.2
21.6	23.2
22	23.2
22.8	23.2
23.6	23.2
24	23.2
23.6	23.2
23.2	23.6
22.8	24
22	26
21.6	26
21.6	25.6
21.2	24.8
21.2	24.4
21.2	24
21.6	23.6
21.6	23.2
22	23.2
22.8	23.2
23.6	23.2
24.4	23.2
24.4	23.2
24	23.2
23.2	24
22.8	24.8
22.4	25.6
22	26
22	25.6
22	25.2
22	24.4
22	24
22	23.6
22	23.2
22.4	23.2
23.2	23.2
24	23.2
24.8	23.2
24.4	23.2
24	23.6
23.6	24.8
22.8	25.6
22.4	26.4
22	26.4
22	26
22	25.2
22	24.8
22	24
22.4	23.6
22.4	23.6
23.2	23.6
24	23.6
24.8	23.6
25.2	23.6
25.2	23.6
24.8	24.4
24	25.2
23.2	26
22.8	26.8
22.4	26.4
22.4	26
22.4	25.6
22.4	25.2
22.4	24.4
22.8	24
23.2	24
23.6	24
24.4	24
25.6	24
26	24.4
26.4	24.8
25.6	25.2
24.8	26
24	26.8
23.2	28
22.8	28.4
22.8	28
22.8	27.2
22.8	26.4
23.2	26
23.6	25.2
24.4	24.8
25.2	24.8
26	24.8
26.8	24.8
27.2	25.2
27.2	25.6
26.8	26
26.4	26.8
25.2	27.6
24.4	28.4
23.6	28.8
23.2	29.2
22.8	28.8
23.2	28
23.6	26.8
24	26
24.8	25.6
26	25.2
26.8	25.2
27.6	25.2
28	25.6
28.4	26.4
28.4	27.6
28.4	28.4
27.6	29.2
26.4	29.6
25.2	30
24.4	30.4
23.6	30.4
23.2	30
23.2	28.8
23.6	27.6
24.4	26.4
26	26
27.6	25.6
29.2	25.6
29.6	25.6
29.6	26
29.6	27.2
29.6	28.8
29.6	30.4
28.8	31.2
27.2	31.2
26	31.2
25.2	31.2
24.4	31.6
24	31.2
24	30
24	28.8
24.4	27.6
25.6	26.8
28	26
30	25.6
30.8	25.6
30.8	26
30.4	26.4
30.4	28.4
30.4	32.4
30	32.8
28.8	32.8
27.6	32.4
26.4	32
25.2	32
24.4	32
24	31.2
24	30
24	28.4
24.8	27.2
26.4	26.4
29.2	26
32	25.6
32.8	25.6
32	26
31.2	27.2
30.8	30
31.2	33.2
30.8	34.4
30	34
28.4	33.2
27.2	32.8
26	32.8
24.8	32.8
24.4	32
24	30.8
24	29.2
24.8	28
26.4	26.8
29.6	26.4
32.8	26
34	26
33.6	26.4
32.8	27.6
32.4	30
32.4	33.2
32	35.6
31.2	35.6
30	34.4
28.4	33.6
27.2	33.6
26.4	33.6
25.2	33.2
24.4	32.4
24.4	30.8
24.8	29.6
25.6	28.4
27.2	27.2
30.8	26.8
34.4	26.4
35.6	26.4
34.8	26.8
33.6	28.4
32.8	31.6
32.8	35.6
32.8	37.6
32.4	36.8
31.2	35.6
29.6	34.8
28	34.4
26.8	34
25.6	34
24.8	33.2
24.4	32.4
24.4	30.8
25.2	29.6
26.8	28
30	27.2
34	26.8
36.4	26.8
36.4	26.8
35.2	27.6
34	29.6
33.2	33.6
33.2	37.2
33.2	38.4
32.8	37.6
31.6	36.4
30	35.2
28.4	34.8
27.2	34.8
26	34.4
25.2	33.6
25.2	32.4
25.2	30.8
26	29.6
27.6	28.4
31.6	27.6
35.6	26.8
37.6	26.8
37.2	26.8
36	27.6
34.8	30
34	34.4
33.6	38
33.2	38.8
32.8	38
31.6	37.2
30.4	36
28.8	35.6
27.6	35.2
26.4	35.2
25.6	34.4
25.6	33.2
25.6	31.6
26	30
27.2	28.8
30	28
34.4	27.2
37.6	26.8
38.4	26.8
37.6	27.6
36.4	29.2
35.2	33.2
34.4	37.6
33.6	40
33.6	40
33.2	39.2
32.4	38
30.8	36.8
29.2	36
27.6	35.6
26.4	35.2
26	34.4
25.6	33.2
25.6	31.6
26	30
27.2	27.6
30	27.2
34.4	26.8
38	26.8
39.2	27.2
38.8	28
38	30.4
36.8	34.4
35.6	38.4
34.4	40.4
33.6	40.4
33.2	39.6
32.8	38.4
31.6	37.2
30.4	36
28.8	35.2
27.6	34.8
26.8	34.4
26	33.2
25.6	32
25.6	30.8
26	29.6
27.6	28.4
30.8	27.6
35.2	27.2
38.4	27.2
40	27.6
40	28.4
39.2	31.2
37.6	35.2
36	39.2
34.4	41.2
33.6	41.2
33.2	40.4
33.2	39.2
32.4	37.6
31.2	36
29.6	35.2
28.4	35.2
27.2	34.8
26.4	34
26	32.8
26	31.2
26	30
26.8	28.8
28.4	28
32	27.6
36	27.2
39.2	27.6
40.8	28
40.8	29.6
40	32.8
38.4	37.2
36.4	40.4
34.8	42
33.6	42.4
33.6	41.6
33.2	40
32.8	38
31.6	36.4
30.4	35.6
28.8	34.8
27.6	34.8
26.8	34
26	33.6
25.6	32.4
25.6	31.2
26	29.6
27.6	28.4
30.4	27.6
34.4	27.6
38.4	27.6
40.8	27.6
42	28.4
41.6	30.4
40	34
38.4	38.4
36	41.6
34.4	43.2
33.6	43.6
33.6	42.8
33.2	40.8
32.8	38.8
31.6	36.8
30.4	35.6
28.8	35.2
27.6	35.2
26.8	35.2
26.4	34.4
26	32.4
26	30.8
26	29.6
26.8	28.4
28	27.6
30	27.2
32.8	26.8
35.2	26.8
37.2	27.2
38.4	28
39.2	30
38.8	34
37.6	38.4
35.6	42
34	44
33.6	44.4
33.6	43.2
34	41.2
33.6	38.8
32.4	36.8
31.2	35.6
30	35.2
28.8	35.6
27.6	35.2
27.2	34.8
26.8	33.6
26.4	32
26.4	30.8
26.8	29.6
28	29.2
30	28.4
33.2	28.4
36.8	28
40	28.4
42.4	28.8
43.6	30
43.2	32.4
41.2	36
38.4	39.6
35.2	44.8
34	45.6
33.2	45.2
33.6	43.6
34	41.2
34	38.4
33.2	36.4
32	35.2
30.4	35.2
29.2	35.6
28	35.6
27.2	34.8
26.8	33.6
26.4	32.4
26.4	30.8
26.4	29.6
26.8	28.8
27.6	28.4
29.6	28
32.4	27.6
36	27.6
39.6	28
42.8	28.8
44.4	30
44.4	32.4
43.2	36
40.8	40
38	43.6
35.6	46
34.4	46.4
34.4	45.6
34.8	43.2
35.2	40.4
34.8	38
33.6	36.4
32	36
30.4	36.4
28.8	36.4
28	36.4
27.2	35.2
26.8	34
26.4	32.4
26.4	31.2
26.4	30
26.4	29.2
26.8	28.4
28	28
30	28
33.2	28
36.8	28
40.4	28.4
43.6	29.2
45.6	30.8
45.6	33.6
44	37.2
41.2	40.8
38.4	44.4
36	46.8
34.8	47.2
34.8	46
35.6	43.6
36	40.8
36	38.4
35.2	36.8
32.4	35.6
31.2	36
30	37.2
28.8	37.6
28	36.8
27.2	35.6
26.8	34
26.8	32.4
26.4	31.2
26.4	30
26.8	29.2
26.8	28.8
27.6	28.8
28.8	28.4
31.2	28.4
34.4	28.4
38.4	28.4
42	28.8
45.2	30
46.8	31.6
46.4	34.4
44.4	38
41.6	42
38.8	45.6
36.4	48.4
35.6	48.8
35.6	47.6
36	45.2
36.4	42
36.4	39.2
35.6	37.6
34	36.8
32	37.2
30.4	38
28.8	38.4
27.6	37.6
27.2	36.4
26.8	34.4
26.4	32.8
26.4	31.2
26.4	30
26.4	29.2
26.4	28.4
26.8	28
27.2	28
28	28
29.2	28
31.6	28
34.8	28.4
38.4	28.4
42.4	29.2
45.6	30
47.6	31.6
48	34
46.4	37.6
43.6	41.6
40.8	45.6
38.8	48.4
37.6	49.6
37.2	49.2
38	47.2
38.4	44.4
38.8	41.6
38	39.6
37.2	38
35.2	38.8
33.2	40
31.6	40.4
30.4	40.4
29.2	39.6
28.4	37.6
27.6	35.6
27.2	33.6
26.8	32
26.8	30.8
26.4	30
26.4	29.6
26.4	29.2
26.8	28.8
27.2	28.8
27.6	28.4
28.4	28.4
29.6	28.4
31.2	28.4
34	28.4
37.6	28.8
41.6	29.2
45.6	30
48.4	31.6
49.2	33.6
48.8	37.2
46.4	40.8
43.6	44.8
40.8	48
38.8	50
38	50.4
38.4	49.2
39.2	46.8
39.6	44
39.6	41.6
38.8	40
37.2	39.6
34.8	40.4
32.4	41.2
30.8	41.2
29.2	40.4
28.4	39.2
27.6	37.2
27.2	35.2
26.8	33.2
26.8	31.6
26.4	30.4
26.4	29.6
26.4	29.2
26.4	28.8
26.4	28.4
26.4	28.4
26.8	28
26.8	28
27.2	28
27.6	28
28.4	28
29.6	28.4
31.2	28.4
34	28.8
37.2	29.2
41.2	29.6
45.2	30.4
50.8	32.4
51.6	34.4
51.2	37.2
49.6	40.4
47.2	44.4
45.2	48
43.2	51.2
42	52
42	51.6
42.4	50
43.2	47.6
43.2	45.2
42.4	43.6
41.2	43.2
39.2	43.6
36.8	44.4
34.4	44.8
32.4	44.4
31.2	43.2
30	41.2
29.2	38.8
28.4	36.8
27.6	34.8
27.2	33.2
27.2	31.6
26.8	30.8
26.8	30
26.4	29.6
26.4	29.2
26.4	28.8
26.4	28.8
26.4	28.4
26.4	28
26.4	28
26.8	28
26.8	28
27.2	28.4
27.6	28.4
28.4	28.4
29.2	28.4
30.4	28.4
32	28.8
34.4	28.8
37.6	29.2
41.2	30
44.8	31.2
48	32.4
50	34.4
51.2	36.8
51.2	40
50	44
48	47.6
46	50.8
44.4	52.4
44	52.8
44	52
44.4	50
44.4	47.6
44.4	46
43.2	45.2
41.2	45.2
38.8	45.6
36.4	46
34	46
31.6	45.6
30.4	44
29.2	42
28.4	39.2
28	36.8
27.6	34.8
27.2	33.2
26.8	31.6
26.4	30.8
26.4	30
26.4	29.2
26	28.8
26	28.8
26	28.8
26	28.4
26	28
26	28
26	28
26.4	28
26.4	28
26.4	28
26.4	28
26.8	28
26.8	28
26.8	28
26.8	28
27.2	28
27.6	28
28	28
28.4	28.4
29.2	28.4
30.4	28.8
31.6	29.2
33.6	29.2
36	29.6
38.8	30.4
42	31.6
45.6	32.4
48.8	34
51.6	36
53.2	38.8
54	41.6
54	44.8
53.2	48
52.4	51.2
51.6	54
50.8	55.6
50	55.6
50	55.2
50	54.4
49.2	53.2
48	52.4
46.4	51.6
44	51.2
41.6	51.2
38.8	50.8
36.4	50
34.4	48.8
32.8	46.8
31.6	44.4
30.4	42
29.6	39.2
28.8	37.2
28.4	35.2
27.6	32.8
27.2	32
27.2	31.6
26.8	30.8
26.8	30.4
26.8	30
26.8	29.6
26.8	29.2
26.8	28.8
26.4	28.8
26.4	28.8
26.4	28.8
26.4	28.4
26.4	28
26.4	28
26.4	28
26.4	28
26.4	28
26	28
26	28
26	28
26	28
26	28
26	28
26.4	28
26.4	28
26.4	28
26.4	28
26.8	28.4
26.8	28
27.2	28
27.2	28
27.6	28
27.6	28.4
28	28.4
28	28.4
28.4	28.4
28.8	28.4
29.2	28.8
29.6	29.2
30	29.6
30.8	29.6
32	30
33.2	30.4
34.4	31.2
36	31.6
38	32.4
40.4	33.2
42.8	34
45.6	35.2
48.4	36.8
51.2	38.8
53.6	40.8
56	43.2
58	46
59.6	48.8
61.2	51.6
62	54.4
62.8	56.8
63.2	58.8
62.8	60.4
62.4	61.6
61.6	62.8
60.8	63.2
59.6	64.4
58.4	64.4
56.4	64
54	63.6
51.6	62.8
49.2	61.6
46	59.6
43.2	57.6
41.2	56
39.6	54
38	52
36.4	49.6
35.2	47.2
34	44.8
33.2	42.8
32.4	41.2
31.6	39.6
30.8	38
30.4	36.8
29.6	35.6
29.2	34.4
28.8	33.6
28.8	32.8
28.8	32.4
28.4	32
28	31.6
28	30.8
27.6	30.4
27.6	30
27.6	30
27.6	30
27.2	29.6
27.2	29.6
26.8	29.2
26.8	28.8
26.8	28.8
26.8	28.8
26.8	28.8
26.8	28.8
26.8	28.8
26.8	28.8
26.4	28.8
26.4	28.8
26	28.4
26	28
26	28
26	28
26	28
26	28
26	28
26.4	28
26	28
26	28.4
26	28
26	28
26	27.6
26	27.6
26	27.6
26	27.6
26	27.6
26	27.6
26	27.6
26	27.6
26	27.2
26	27.6
26	27.2
26	27.2
26	27.2
26	27.6
26	27.6
26	27.6
26	27.6
26	27.6
26	27.6
26	27.6
26	28
26	28
26	28
26	28
26	28
26	28
26	28
26.4	28
26.4	28
26.4	28
26.4	28
26.4	28
26.8	28
26.8	28
26.8	28
26.8	28
26.8	28
26.8	28
26.8	28
27.2	28.4
27.2	28.4
27.6	28.4
27.6	28.4
27.6	28.4
27.6	28.8
27.6	28.8
27.6	28.8
27.6	28.8
27.6	28.8
27.6	29.2
27.6	29.2
27.6	29.2
27.6	28.8
27.6	29.2
27.6	29.2
27.2	29.2
27.2	29.2
27.2	29.2
26.8	29.2
26.8	29.2
26.8	28.8
26.8	28.8
26.8	28.8
26.8	28.8
26.8	28.8
26.8	28.8
26.8	28.4
26.8	28
26.8	28
26.8	28
26.8	28
26.8	28.4
26.8	28.4
26.8	28
26.4	28
26.4	28
26.4	27.6
26.4	28
26.4	28
26.4	28
26.4	28
26.4	28
26.4	28
26.4	28
26.4	28
26.4	28
26.4	28
26.4	28
26.4	28
26.4	28
26.4	28
26.4	28
26.4	28
26.4	28
26.4	28
26.4	28
26.4	27.6
26.4	27.6
26.4	27.6
26.4	27.6
26.4	27.6
26.4	27.6
26.4	27.6
26.4	27.6
26.4	27.6
26.4	27.6
26.4	27.6
26.4	27.6
26.4	27.6
26.4	27.6
26.4	27.6
26.4	27.6
26.4	27.6
26.4	28
26.4	27.6
26.4	27.6
26.4	27.6
26.8	27.6
26.8	27.6
27.2	28
27.2	28
27.2	28
27.2	28.4
27.2	28.4
27.6	28.4
27.6	28.4
27.6	28.8
27.6	28.8
27.2	28.8
27.2	28.8
26.8	28.8
26.8	28.8
26.8	28.8
26.8	28.8
26.4	28.4
26.4	28.4
26.4	28
26.4	28
26.4	28
26.4	28
26.4	28
26.4	27.6
26.4	27.6
26.4	27.6
26.4	27.6
26.4	27.6
26.4	27.6
26.4	27.6
26.4	27.6
26.4	27.6
26.4	27.6
26.4	27.6
26.4	27.6
26.4	27.6
26.4	27.6
26.4	27.6
26.4	27.6
26.4	27.6
26.4	27.6
26.4	27.6
26.4	27.6
26.8	28
26.8	28
26.8	28
26.8	28
26.8	28
26.8	28
26.8	28.4
26.8	28.4
27.2	28
27.6	28.4
27.6	28.4
27.6	28.4
28	28.4
28.4	28.4
28.8	28.8
28.8	28.8
29.2	29.2
29.6	29.2
30	29.6
30	29.6
30.4	30
30.4	30
30.8	30.4
30.8	30.8
31.2	31.2
31.6	31.6
32.4	31.6
32.8	31.6
33.6	32
34.8	32.4
36	32.8
37.2	33.2
38.8	34
40.8	34.8
42.8	35.6
44.8	36.8
47.2	38.4
49.2	40
51.2	41.6
53.6	43.6
56.8	46.8
58	48.8
59.2	51.2
60.4	53.2
61.2	55.2
61.6	57.2
62	58.8
62	60.4
61.6	61.2
61.2	61.6
60.8	62.4
60	62.8
58.8	63.2
56.8	63.2
54.8	62.8
52	61.6
48.8	60
45.2	58
42.4	56
40.4	54
38.8	52
37.2	50
35.6	47.6
34	44.8
32.8	42.4
31.6	40.4
31.2	38.4
30.4	36.8
30	35.2
29.6	34
29.2	33.2
28.8	32.4
28.4	32
28	31.2
27.6	30.8
27.6	30
27.2	30
27.2	29.6
26.8	29.2
26.8	28.8
26.8	28.8
26.8	28.8
26.8	28.8
26.4	28.4
26.4	28.4
26.4	28
26.4	28.4
26.4	28
26.4	28
26.4	28
26.4	28
26.4	28
26.4	28
26.8	27.6
26.8	27.6
26.8	27.6
26.8	27.6
26.8	27.6
26.8	28
26.8	28
26.8	28.4
27.2	28.4
27.6	28.4
27.6	28.4
28	28.8
28.4	28.8
28.8	28.8
29.2	28.8
29.6	29.2
30	29.2
31.2	29.6
32	29.6
33.2	30.4
34.8	30.8
36.8	31.2
39.2	32
41.6	32.8
44.8	34
47.6	35.6
50	37.6
52.4	39.6
53.6	42
54.4	44.8
55.2	47.6
55.6	50.4
55.6	52.8
55.6	54.4
55.6	55.6
55.2	56.4
54.4	56.8
52.8	56.8
50	56.8
46.8	56.8
43.2	56.4
40	55.2
37.2	54
34.8	52
32.8	48.8
31.6	45.6
30.4	42.4
29.6	39.6
28.8	36.8
28.4	34.8
28	33.2
27.6	32
27.2	31.2
27.2	30.4
26.8	29.6
26.4	29.2
26.4	28.8
26.4	28.8
26.4	28.4
26.4	28.4
26.4	28
26.4	28
26.4	28
26.4	28
26.4	28
26.4	28
26.4	28
26.8	28
26.8	28
27.2	28
27.6	28
27.6	28.4
28	28.4
28.8	28.4
29.2	28.4
30.8	28.8
31.6	28.8
32.8	29.2
34	29.6
36.4	30.4
38.8	31.2
41.6	32
44	33.2
46.8	34.8
48.8	36.8
50.4	39.6
51.2	42.4
51.6	45.2
51.6	47.6
52	50
52.4	51.6
52	52.4
51.2	52.8
49.6	53.2
46.4	53.2
42.8	53.2
39.2	52.8
36	52
33.2	50
31.6	47.6
30	44
29.2	40.8
28.4	37.6
28	34.8
27.6	32.8
27.2	31.6
26.8	30.4
26.8	29.6
26.8	29.2
26.8	28.8
26.8	28.4
26.8	28
26.8	28
26.8	28
26.4	28
26.4	28
26.4	28
26.8	28
27.2	28
27.6	28
28	28
28.4	28
29.2	28
30	28.4
31.2	28.8
32.8	29.2
34.8	29.6
37.2	30.4
40	31.2
43.2	32.4
46	33.6
48	35.6
49.2	38
50	40.8
50	43.6
49.6	46.4
49.6	48.8
49.6	50.4
48.8	50.8
46.4	51.6
42.8	50.8
39.2	50
36	50
33.6	49.6
31.6	48.4
30	45.6
28.8	42.4
28	38.8
27.2	35.6
26.8	33.2
26.8	31.6
26.8	30.4
26.8	29.6
26.8	29.2
26.4	28.4
26.4	28
26.4	28
26.8	28
26.8	27.6
27.2	27.6
27.6	27.6
28	27.6
28.4	27.6
29.2	28
30	28
30.8	28.4
32	28.8
34	29.2
36.8	29.6
40	30.4
42.4	31.6
45.2	32.8
46.8	34.4
47.6	36.8
48	39.6
48	42.8
48	45.2
48	47.2
47.2	48.8
45.6	49.6
42.8	49.2
39.2	49.2
35.6	49.2
32.8	48.8
30.8	47.6
29.2	45.2
28	41.6
27.2	38
26.8	34.8
26.8	32.4
26.4	30.8
26.4	29.6
26.4	28.8
26.4	28.4
26.4	28
26.8	27.6
26.8	27.6
27.2	27.6
27.6	27.2
28.4	27.6
28.8	27.6
29.6	27.6
30.8	28
32.8	28.8
34.4	29.2
36.8	29.6
40	30.4
42.8	31.6
45.2	32.8
46.8	34.8
47.2	37.2
47.2	40
46.4	42.8
46	45.6
45.2	46.8
43.6	47.2
40.8	47.6
38	47.6
34.8	48
32.4	47.6
30.4	46
28.8	43.6
27.6	40
27.2	36.4
26.8	33.2
26.4	31.2
26.4	30
26.4	28.8
26.4	28.4
26.4	28
26.8	27.6
27.2	27.2
27.6	27.2
28.4	27.2
29.2	27.2
30	27.6
31.2	28
32.8	28.4
34.8	28.8
37.6	29.6
40.4	30.4
43.2	31.6
45.2	33.2
46	35.6
46	38.4
45.6	41.2
44.8	43.6
44	45.6
42.4	46.4
40	47.2
36.8	46.8
33.6	46.4
31.2	46
29.6	44.4
28	41.6
27.2	38.4
26.8	34.8
26.4	32.4
26	30.4
26.4	29.2
26.4	28.4
26.4	28
26.8	27.6
27.2	27.2
27.6	27.2
28.4	27.2
29.2	27.6
31.6	27.6
33.2	28
35.2	28.4
37.6	28.8
40.4	30
42.4	31.2
43.6	32.8
44	34.4
44	36.8
44	39.6
43.6	42.4
42.8	44.4
40.8	45.2
37.6	45.6
34	45.6
31.2	45.2
29.2	44
28	42
27.2	39.2
26.8	36
26.4	33.2
26	30.8
26	29.2
26	28.4
26.4	27.6
26.8	27.2
27.2	27.2
28	27.2
29.2	27.2
30.4	27.6
32	28
34.4	28.4
36.8	28.8
39.6	29.6
42	30.8
43.6	32.4
44.4	34.4
44.4	36.8
44	39.6
42.8	42.4
40.8	44.4
38	45.2
34.8	45.6
32	45.2
30	44.4
28	42.4
27.2	40
26.4	36.8
26.4	34
26	31.2
26	29.6
26	28.4
26.4	27.6
26.8	27.2
27.6	27.2
28.4	27.2
29.2	27.2
30.4	27.6
32.4	28
34.4	28.4
37.2	29.2
40	30
42.4	31.2
43.2	33.2
44.4	36.4
43.6	38.4
42.4	41.2
40.4	43.2
37.6	44.4
34	44.8
31.2	44.4
29.2	43.2
27.6	41.6
26.8	38.8
26.4	35.6
26	32.8
26	30.4
26	28.8
26.4	28
26.8	27.2
27.2	26.8
28	26.8
28.8	26.8
29.6	27.2
31.2	27.6
33.6	28
36	28.8
38.8	29.6
41.2	30.8
42.4	32
42.4	34.4
42	36.8
40.4	39.6
38	42
35.2	43.2
32	43.6
29.6	42.8
28	41.2
26.8	38.8
26.4	36
26	33.2
26	30.8
26	29.2
26.4	28
26.8	27.2
27.2	26.8
27.6	26.8
28.4	26.8
29.6	27.2
30.8	27.6
32.8	28
34.8	28.8
37.6	29.6
40	30.4
41.2	31.6
41.6	33.2
40.4	35.6
38	38.4
35.2	40.8
32	42.4
29.6	42.4
28	41.2
26.8	39.2
26	36.4
25.6	33.2
25.6	30.8
25.6	29.2
26	27.6
26.8	26.8
27.2	26.4
27.6	26.4
28.4	26.4
29.2	26.8
30.8	27.2
32.4	28
34.8	28.4
37.2	29.2
38.8	29.6
39.6	30.8
39.2	32.4
37.6	34.8
34.8	37.6
32	39.6
29.6	40.8
27.6	40.8
26.4	39.2
25.6	36.4
24.8	33.2
24.8	30.4
25.2	28.8
25.6	27.6
26	26.8
26.4	26.4
26.8	26
27.6	26
28.8	26.4
29.6	26.8
31.6	27.2
34	28
36	28.4
37.6	29.2
38	30
37.2	31.6
35.2	34
32.4	36.4
29.6	38.4
27.6	39.2
26.4	38.8
25.6	37.2
25.2	34.4
25.2	31.6
25.2	29.2
25.2	27.6
25.6	26.8
26	26
26.4	25.6
26.8	25.6
27.6	25.6
28.8	26
30.4	26.4
32	27.2
34	28
35.6	28.4
36	29.2
35.2	30.4
33.2	32.4
30.8	34.4
28.4	36
26.8	37.2
25.6	36.8
24.8	34.8
24.4	32.4
24.4	28.4
24.4	27.2
24.8	26.4
25.2	26
25.6	25.6
26	25.6
26.4	25.6
27.2	25.6
28.4	26
30	26.4
31.6	26.8
32.8	27.2
33.6	28
33.2	29.2
32	30.8
30	32.4
28	34
26	34.8
25.2	34.4
24.4	33.2
24	31.2
24	28.8
23.6	27.2
23.6	26
24	25.2
24.4	24.8
24.8	24.8
25.2	24.8
26.4	24.8
27.6	25.2
28.8	25.6
30	26
30.8	26.4
30.8	27.2
30.4	28.4
29.2	29.6
27.6	30.8
26	31.6
24.8	31.6
24	31.2
23.6	30.4
23.2	28.4
23.2	26.8
23.2	25.6
23.6	25.2
23.6	24.4
24	24
24.4	24
25.2	24
26	24.4
27.2	24.8
28.4	25.2
28.8	25.2
28.8	25.6
28.4	26.8
27.2	27.6
25.6	28.8
24.8	29.2
24	29.6
23.6	29.2
23.2	28.4
22.8	27.2
22.8	26
22.8	24.8
23.2	24
23.2	24
23.6	24
24	24
24.4	24
25.2	24
26	24.4
26.4	24.4
26.8	24.8
26.8	25.6
26.4	26.4
25.2	26.8
24	27.2
23.2	27.6
22.8	27.6
22.8	27.2
22.8	26.8
22.8	25.6
22.8	24.8
22.8	24
23.2	23.6
23.2	23.6
23.6	23.6
24	23.2
24.4	23.2
24.8	23.2
25.2	23.6
25.6	24
26	24.8
25.6	25.2
24.8	25.6
23.6	26.4
23.2	26.8
22.8	26.8
22.4	26.8
22.4	26
22.4	24.8
22.4	24
22.4	23.6
22.8	23.2
23.2	23.2
23.6	23.2
24	23.2
24.4	23.2
24.8	23.6
25.2	23.6
25.6	24
25.2	24.4
24.4	24.8
23.2	25.2
22.8	25.6
22.4	26
22	26.4
22	26
22	24.8
22	24
22.4	23.6
22.4	23.2
22.8	22.8
23.2	22.8
23.6	22.8
24	23.2
24	23.2
24.4	23.6
25.2	24.4
24.8	24.4
24	24.8
23.2	25.2
22.4	25.6
22	25.6
22	25.6
22	25.2
22	24.4
21.6	23.6
21.6	23.2
22	22.8
22.4	22.8
22.8	22.8
23.2	22.8
23.6	22.8
23.6	23.2
24	23.2
24	23.6
23.6	23.6
22.8	24
22.4	24.8
22	24.8
21.6	25.2
21.6	24.8
21.6	24.4
21.6	23.6
21.6	23.2
22	22.8
22	22.4
22.4	22.4
22.8	22.4
23.2	22.4
23.2	22.4
23.6	22.8
23.2	23.2
23.2	23.6
22.4	23.6
22	24
21.6	24.4
21.6	24.4
21.2	24
21.2	23.6
21.2	23.2
21.6	22.8
22	22.4
22	22.4
22	22.4
22.4	22.4
22.8	22.4
22.8	22.4
22.8	22.8
22.8	23.2
22.4	23.2
22	23.2
21.6	23.6
21.6	23.6
21.2	23.6
21.2	23.6
21.2	23.2
21.2	22.8
21.2	22.4
21.6	22.4
21.6	22.4
22	22.4
22	22.4
22	22.4
22	22.4
22	22.4
22	22.4
22	22.8
21.6	23.2
21.2	23.2
21.2	23.2
21.2	23.2
21.2	22.8
21.2	22.4
21.2	22.4
21.2	22.4
21.2	22.4
21.2	22.4
21.2	22.4
21.6	22.4
21.6	22.4
21.6	22.4
21.6	22.4
21.6	22.4
21.6	22.8
21.2	22.8
21.2	22.8
21.2	22.8
20.8	22.4
20.8	22.4
20.8	22.4
20.8	22.4
20.8	22.4
20.8	22.4
21.2	22.4
21.2	22.4
21.2	22
20.8	22
20.8	22
20.8	22
20.8	22
20.8	22.4
20.8	22.4
20.8	22.4
20.8	22.4
20.8	22.4
20.8	22.4
20.8	22.4
20.8	22.4
20.8	22.4
20.8	22
20.8	21.6
20.8	22
20.8	22
20.8	21.6
20.8	22
20.8	22
20.8	22
20.8	22
20.8	22
20.8	21.6
20.8	21.6
20.8	21.6
20.8	22
20.8	21.6
20.8	22
20.8	21.6
20.8	21.6
20.8	21.6
20.8	22
20.8	22
20.8	21.6
20.8	21.6
20.8	21.6
20.4	21.6
20.4	21.6
20.4	21.6
20.4	21.6
20.4	21.6
20.4	21.6
20.4	21.6
20.4	21.6
20.4	21.6
20.4	21.6
20.4	21.6
20.4	21.6
20.4	21.6
20.4	21.6
20.4	21.6
20.4	21.6
20.4	21.6
20.4	21.6
20.4	21.6
20.4	21.6
20.4	21.6
20.4	21.6
20.4	21.6
20.4	21.6
20.4	21.2
20.4	21.2
20.4	21.2
20.4	21.2
20.4	21.2
20.4	21.6
20.4	21.2
20.4	21.2
20.4	21.2
20.4	21.2
20.4	21.2
20.4	21.2
20.4	21.2
20.4	21.2
20.4	21.2
20.4	21.2
20.4	21.2
20.4	21.2
20.4	21.2
20.4	21.2
20.4	21.2
20.4	21.2
20.4	21.2
20.4	21.2
20.4	21.2
20.4	21.2
20.4	21.2
20.4	21.2
20.4	21.2
20.4	21.6
20.4	21.6
20.4	21.6
20.4	21.6
20.4	21.6
20.4	21.6
20.4	21.6
20.4	21.6
20.4	21.6
20.4	21.6
20.4	21.6
20.4	21.6
20.4	21.6
20.4	21.6
20.4	21.6
20	21.6
20	21.6
20	21.6
20.4	21.6
20	21.2
20	21.2
20	21.2
20.4	21.2
20.4	21.2
20.4	21.2
20.4	21.2
20.4	21.2
20.4	21.2
20.4	21.2
20.4	21.2
20.4	21.2
20.4	21.2
20.4	21.2
20.4	21.2
20.4	21.2
20	21.2
20	21.2
20.4	21.2
20.4	21.2
20.4	21.2
20.4	21.2
20.4	21.2
20.4	21.2
20.4	21.2
20.4	21.2
20.4	21.2
20.4	21.2
20.4	21.2
20.4	21.2
20.4	21.2
20.4	21.2
20.4	21.2
20.4	21.2
20.4	21.2
20.4	21.2
20.4	21.2
20.4	21.2
20.4	21.2
20.4	21.2
20.4	21.2
20.4	21.2
20.4	21.2
20.4	21.2
20.4	21.2
20.4	21.2
20.4	21.2
