intensity1
2.4
2.4
2.4
2.4
2.4
2.4
2.4
2.4
2.4
2.4
2.4
2.4
2.4
2.4
2.4
2.4
2.4
2.4
2.4
2.4
2.4
2.4
2.4
2.4
2.4
2.4
2.4
2.4
2.4
2.4
2.4
2.4
2.4
2.4
2.4
2.4
2.4
2.4
2.4
2.4
2.4
2.4
2.4
2.4
2.4
2.4
2.4
2.4
2.4
2.4
2.4
2.4
2.4
2.4
2.4
2.4
2.4
2.4
2.4
2.4
2.4
2.4
2.4
2.4
2.4
2.4
2.4
2.4
2.4
2.4
2.4
2.4
2.4
2.4
2.4
2.4
2.4
2.4
2.4
2.4
2.4
2.4
2.4
2.4
2.4
2.4
2.4
2.4
2.4
2.4
2.4
2.4
2.4
2.4
2.4
2.4
2.4
2.4
2.4
2.4
2.4
2.4
2.4
2.4
2.4
2.4
2.4
2.4
2.4
2.4
2.4
2.4
2.4
2.4
2.4
2.4
2.4
2.4
2.4
2.4
2.4
2.4
2.4
2.4
2.4
2.4
2.4
2.4
2.4
2.4
2.4
2.4
2.4
2.4
2.4
2.4
2.4
2.4
2.4
2.4
2.4
2.4
2.4
2.4
2.4
2.4
2.4
2.4
2.4
2.4
2.4
2.4
2.4
2.4
2.4
2.4
2.4
2.4
2.4
2.4
2.4
2.4
2.4
2.4
2.4
2.4
2.4
2.4
2.4
2.4
2.4
2.4
2.4
2.4
2.4
2.4
2.4
2.4
2.4
2.4
2.4
2.4
2.4
2.4
2.4
2.4
2.4
2.4
2.4
2.4
2.4
2.4
2.8
2.8
2.8
2.4
2.4
2.4
2.4
2.4
2.4
2.4
2.4
2.4
2.4
2.4
2.4
2.4
2.4
2.4
2.8
2.8
2.8
2.8
2.8
2.8
2.8
2.8
2.8
2.4
2.4
2.4
2.4
2.4
2.4
2.4
2.4
2.4
2.8
3.2
3.2
3.2
3.6
3.6
3.6
3.2
3.2
3.2
2.8
2.8
2.8
2.8
2.8
2.8
2.8
3.2
3.2
3.2
3.6
4
4.8
4.8
4.8
4.4
4
3.6
3.2
2.8
2.8
2.8
2.8
2.8
3.2
3.2
3.6
3.6
4
4
4.4
4.8
4.8
4.8
4.8
4.4
4
3.6
3.6
3.2
3.2
3.2
3.2
3.6
3.6
4
4.4
4.8
5.2
5.2
5.6
5.6
5.6
5.2
4.8
4.4
4
3.6
3.6
3.6
3.6
3.6
3.6
4
4.4
4.8
5.2
5.6
6
6
6
5.6
5.6
5.2
4.8
4.8
4.4
4
4
4
4
4
4.4
4.8
5.2
5.6
6
6.4
6.4
6.4
6
5.6
5.2
4.8
4.8
4.8
4.8
4.4
4.4
4.4
4.4
4.8
5.2
5.6
6
6.4
6.8
6.8
7.2
7.2
7.2
6.8
6.4
6
5.6
5.2
4.8
4.8
4.8
4.8
5.2
5.2
5.6
6
6.4
7.2
8
8.4
8.4
8.4
8
8
7.6
6.8
6.4
6
5.6
5.2
5.2
5.2
5.2
5.2
5.6
6
6.4
7.2
8.4
8.4
8.4
8.4
8.4
8.4
8.4
8
7.6
7.2
6.4
6
5.6
5.2
5.2
5.2
5.6
5.6
6
6.4
7.2
8
8.8
9.2
9.2
9.2
9.2
8.8
8.8
8.4
8
7.2
6.8
6.4
6
5.6
5.6
5.6
5.6
6
6.4
6.8
7.6
8.4
9.2
9.6
9.6
9.6
9.6
9.6
9.2
8.8
8.4
7.6
7.2
6.4
6
5.6
5.6
5.2
5.2
5.2
5.6
6
6.8
7.6
8.4
9.2
10
10.4
10.8
10.8
10.4
10
9.6
9.2
8.8
8.4
7.6
6.8
6
5.6
5.2
4.8
5.2
5.2
5.6
6
6.4
7.2
8
9.2
10.4
11.2
11.6
10.8
10
9.2
8.8
8.4
8
7.6
7.2
7.2
6.8
6.4
6
5.6
5.2
5.2
5.2
5.6
6
6.4
7.2
8.4
9.6
10.8
12
12.8
13.2
13.2
12.8
12.4
12
11.2
10.4
9.6
8.4
7.6
6.8
6.4
6
5.6
5.6
5.6
5.6
5.6
6
6.4
6.8
7.6
8.4
9.6
11.2
12
12.8
13.2
13.2
13.2
12.8
12.4
11.6
10.8
10
8.8
8
7.2
6.4
6
5.6
5.6
5.2
4.8
5.2
5.2
5.2
5.6
6.4
7.2
8
9.2
10.8
12.4
14
14.8
15.6
15.6
15.6
14.8
14.4
13.6
12.8
11.6
10.4
9.2
8
7.2
6.4
6
5.6
5.2
5.2
4.8
5.2
5.2
5.6
5.6
6
6.8
8
8.8
10.4
11.6
13.2
14
15.2
15.6
15.6
15.6
15.2
14.4
13.6
12.4
11.2
10
8.8
8
7.2
6.4
6
5.6
5.6
5.2
5.2
5.2
5.2
5.2
5.2
5.6
6
6.4
7.2
8.4
10
11.6
13.2
14.8
16
17.2
17.6
17.6
17.6
17.2
16.4
15.6
14.4
13.2
12
10.8
9.6
8.4
7.6
6.8
6
5.6
5.6
5.2
5.2
4.8
5.2
5.2
5.2
5.2
5.6
6
6.4
7.2
8
9.2
10.8
12
14
16
17.6
18.8
19.6
19.6
19.6
19.2
18.8
17.6
16.8
15.6
14.4
12.8
11.2
9.6
8.4
7.6
6.4
6
5.6
5.6
5.6
5.2
5.2
5.2
5.2
5.2
5.2
5.2
5.2
5.6
6
6.4
7.2
8
8.8
10
11.6
13.2
15.6
17.2
18.8
20.4
21.6
22
22
21.6
21.2
20.4
19.2
17.6
16
14.4
12.8
11.2
10
8.8
8
7.2
6.4
6
5.6
5.6
5.6
5.2
5.2
5.2
5.2
5.2
5.2
5.2
5.2
5.2
5.6
5.6
6
6.4
6.8
7.2
8
8.8
10.4
11.6
13.6
15.6
17.6
20
22
23.2
24
24.4
24.8
24.8
24.4
23.2
21.6
20
18.4
16.8
15.2
13.6
12
10.8
9.6
8.8
8
7.2
6.8
6.4
6.4
6
6
5.6
5.6
5.6
5.6
5.6
5.6
5.6
5.6
5.6
5.6
5.6
5.6
5.6
6
6.4
6.4
6.8
6.8
7.2
8
8.4
9.2
10
11.2
12.8
14.4
16.4
18
20
22.4
24.8
26.4
27.6
28
28.4
28
27.6
26.8
25.6
24.4
22.8
21.2
19.6
17.6
16
14.4
12.8
11.6
10.4
9.6
8.8
8.4
7.6
7.2
6.8
6.8
6.4
6.4
6.4
6.4
6.4
6.4
6
6
5.6
5.6
5.6
5.6
5.6
5.6
5.6
5.6
5.6
5.6
5.6
5.6
5.6
5.6
5.6
5.6
5.6
6
6.4
6.4
6.4
6.8
6.8
6.8
7.2
7.6
8
8.8
9.2
10
11.2
12.4
13.6
15.2
16.8
18.8
20.8
23.2
25.6
28
30
32
33.6
34.8
35.6
36.4
36
35.6
34.8
33.6
32
30.4
28.4
26.4
24.4
22
20
18.4
16.8
15.2
14
12.8
12
10.8
10.4
9.6
9.2
8.8
8.4
8
7.6
7.2
7.2
6.8
6.4
6.4
6
6
6
6
5.6
5.6
5.6
5.6
5.6
5.6
5.6
5.6
5.6
5.6
5.6
5.6
5.6
5.6
5.6
5.6
5.6
5.6
5.6
5.6
5.6
5.6
5.6
5.6
5.2
5.2
5.2
5.2
5.2
5.2
5.2
5.2
5.2
5.2
5.2
5.2
5.2
5.2
5.2
5.2
5.2
5.2
5.2
5.2
5.2
5.2
5.2
5.6
5.6
5.6
5.6
5.6
5.6
5.6
5.6
5.6
5.6
5.6
5.6
5.6
5.6
5.6
5.6
5.6
5.6
5.6
5.6
5.6
5.6
5.6
5.6
6
6
6
6
6.4
6.4
6.4
6.4
6.4
6.4
6.4
6.4
6.8
6.8
6.8
6.8
6.8
6.8
6.8
6.8
6.8
6.8
6.8
7.2
7.6
7.6
7.6
7.6
7.6
7.6
8
8
8
8
8
8
8
8
8
8
8.8
8.4
8.4
8.4
8.4
8.4
8.4
8.4
8.4
8.8
8.8
8.8
8.8
8.8
8.8
8.8
8.8
8.8
8.8
8.8
8.8
8.8
8.8
8.8
8.8
8.4
8.4
8.4
8.4
8
8
8
8
8
8
8
7.6
7.2
7.2
7.2
7.2
6.8
6.8
6.8
6.8
6.4
6.4
6.4
6.4
6.4
6.4
6
6
6
6
6
6
6
6
5.6
5.6
5.6
5.6
5.6
6
5.6
5.6
5.6
5.6
5.6
5.6
5.6
5.6
5.6
5.6
5.6
5.6
5.6
5.6
5.6
5.6
5.6
5.6
5.6
5.6
5.6
5.6
5.6
5.6
5.6
5.6
5.6
5.6
5.6
5.6
5.6
5.6
5.6
5.6
5.6
5.6
5.6
5.6
5.6
5.6
5.6
5.6
5.6
5.6
5.6
5.6
5.6
5.6
5.6
5.6
5.6
5.6
5.6
6
6
6
6.4
6.4
6.4
6.4
6.4
6.4
6.4
6.8
6.8
6.8
6.8
6.8
6.8
6.8
7.2
7.6
7.6
8
8
8.4
8.8
9.2
9.6
10.4
11.6
12.8
14
16
18
20
22
24
26.4
29.2
31.6
33.6
34.8
35.2
35.2
34.4
32.8
31.2
29.2
27.2
25.2
23.2
21.2
19.2
17.2
15.6
14.4
13.2
12
11.2
10.4
9.6
9.2
8.8
8
7.6
7.2
7.2
6.8
6.4
6
6
5.6
5.6
5.6
5.6
5.6
5.6
5.6
5.6
5.6
5.6
5.6
5.6
5.6
5.6
5.6
5.6
5.6
5.6
5.6
5.6
5.6
5.6
5.6
5.6
5.6
5.6
5.6
5.6
6
6.4
6.4
6.8
6.8
7.6
8
9.2
10.4
12.4
14.4
16.8
19.2
22
24
26
27.2
28.4
28.4
27.6
26.8
25.2
23.2
21.2
18.8
16.8
15.2
13.6
12.4
11.2
10.4
9.6
8.8
8.4
7.6
7.2
6.8
6.4
6.4
6
5.6
6
5.6
5.6
5.6
5.6
5.6
5.6
5.6
5.2
5.2
5.2
5.2
5.2
5.2
5.2
5.2
5.2
5.2
5.6
6
6.4
6.8
7.6
8.8
10.4
12.4
14.8
17.2
19.2
21.2
22.8
24
24.4
24
22.8
21.2
19.6
18
16
14.4
12.8
11.2
10
9.2
8.4
7.6
7.2
6.8
6.4
6
5.6
5.6
5.6
5.2
5.2
4.8
4.8
4.8
4.8
4.8
4.8
4.8
5.2
5.2
5.2
5.2
5.6
6
6.4
7.2
8
9.2
10.8
12.8
15.6
17.6
19.2
20.4
21.2
20.8
20.4
19.2
17.6
15.6
14
12
10.8
9.6
8.8
8
7.2
6.4
6
5.6
5.2
4.8
4.8
4.8
4.8
4.8
4.8
4.8
4.8
4.8
4.8
4.8
5.2
5.2
5.6
6
6.4
7.6
9.2
11.2
13.6
16
17.6
18.4
18.8
18.4
18
17.2
16
14.4
12.8
11.2
10
8.4
6.8
6.4
6
5.6
5.6
5.2
4.8
4.8
4.8
4.4
4.4
4.4
4.4
4.4
4.4
4.4
4.8
5.2
5.6
6.4
7.6
9.2
10.8
12.8
14.4
16
17.2
17.2
16.8
15.6
14.4
12.8
11.2
10
8.8
7.6
6.8
6
5.6
5.2
4.8
4.8
4.4
4.4
4.4
4.4
4.4
4.4
4.4
4.4
4.8
5.2
5.6
6.4
7.6
9.2
11.2
13.2
14.4
15.2
15.6
15.2
14.4
13.2
11.6
10
8.8
8
7.2
6.4
6
5.2
4.8
4.8
4.4
4
4
4
4
4
4.4
4.4
4.8
5.2
6
6.8
8.4
10
11.6
12.8
14
14.4
14
13.2
12
10.8
9.6
8
7.2
6.4
6
5.2
4.8
4.4
4.4
4
4
4
4
4
4.4
4.4
4.8
5.2
6.4
8
9.6
11.2
12.4
12.8
13.2
12.8
12
10.8
9.6
8.4
7.2
6.4
5.2
4.8
4.4
4
4
4
4
4
4
4
4.4
4.4
4.8
5.6
6.8
8
9.6
10.8
11.6
11.6
11.6
11.2
10.4
9.2
8
6.8
6
5.2
4.8
4.4
4
4
4
4
4
4
4
4.4
4.8
5.2
6
7.6
8.8
10
10.8
11.2
10.8
10
9.2
8
6.8
6
5.2
4.8
4.4
4
4
4
4
4
4
4
4.4
4.8
6
6.4
7.6
8.4
9.6
10
10
9.6
9.2
8
7.2
6.4
5.6
4.8
4.4
4
4
3.6
3.6
3.6
4
4
4
4.4
5.2
6
6.4
7.6
8.4
9.2
9.2
8.8
8.4
7.6
6.4
5.6
4.8
4.4
4
3.6
3.6
3.6
3.6
3.6
4
4.4
4.8
5.6
6.4
7.2
8
8.4
8.4
8.4
8
7.2
6.4
5.6
4.8
4.4
4
3.6
3.6
3.6
3.6
3.6
4
4
4.4
5.2
6
6.8
7.6
8.4
8.4
8
7.6
6.8
6
5.2
4.8
4.4
4
3.6
3.6
3.6
3.6
3.6
4
4.4
4.8
5.6
6.4
6.8
7.2
7.6
7.6
7.2
6.4
5.6
5.2
4.4
4
3.6
3.6
3.6
3.6
3.6
4
4
4.4
4.8
5.6
6.4
7.2
7.6
7.2
6.8
6.4
5.6
4.8
4.4
4
3.6
3.6
3.6
3.6
3.6
3.6
4
4.4
4.8
5.6
6.4
7.2
7.2
7.2
6.8
6.4
5.6
5.2
4.4
4
3.6
3.6
3.6
3.6
3.6
3.6
4
4.8
5.2
6
6.4
6.4
6.4
6
5.6
5.2
4.8
4.4
4
3.6
3.2
3.2
3.2
3.2
3.6
4
4.8
5.2
5.6
6
6
6
5.6
5.2
4.8
4.4
4
3.6
3.6
3.6
3.6
3.6
4
4
4.4
4.8
5.2
5.6
6
6.4
6
5.6
5.2
4.8
4
3.6
3.6
3.6
3.6
3.6
3.6
4
4.4
5.2
5.6
6
6
6
5.6
5.2
4.8
4.4
4
3.6
3.6
3.6
3.2
3.2
3.2
3.6
4
4.8
5.2
5.2
5.2
5.2
4.8
4.4
4
4
3.6
3.6
3.6
3.6
3.6
3.6
4
4.4
4.8
5.2
5.2
5.2
4.8
4.8
4.4
4
3.6
3.6
3.6
3.6
3.6
3.6
4
4
4.4
4.8
4.8
4.8
4.4
4
3.6
3.6
3.6
3.6
3.6
3.6
3.6
3.6
3.6
3.6
4
4.4
4.8
4.8
4.8
4.4
4
4
3.6
3.6
3.6
3.6
3.6
3.6
3.6
4
4
4.4
4.4
4.4
4.4
4
4
3.6
3.2
3.2
3.2
3.2
3.2
3.6
3.6
4
4
4.4
4.4
4
3.6
3.6
3.2
3.2
3.2
3.2
3.2
3.2
3.2
3.6
4
4.4
4
4
4
3.6
3.2
3.2
3.2
3.2
2.8
2.8
2.8
2.8
3.2
3.6
4
4
4
4
3.6
3.6
3.2
3.2
3.2
2.8
2.8
2.8
2.8
2.8
3.2
3.2
3.6
4
3.6
3.2
3.2
3.2
2.8
2.8
2.8
2.8
2.4
2.4
2.4
2.4
2.4
2.8
2.8
3.2
3.2
3.2
2.8
2.4
2.4
2.4
2.4
2.4
2.4
2.4
2.4
2.4
2.4
2.4
2.4
2.8
2.4
2.4
2.4
2.4
2.4
2.4
2.4
2.4
2.4
2.4
2.4
2.4
2.4
2.4
2.4
2.4
2.4
2.4
2.4
2.4
2.4
2.4
2.4
2.4
2.4
2.4
2.4
2.4
2.4
2.4
2.4
2.4
2.4
2.4
2.4
2.4
2.4
2.4
2.4
2.4
2.4
2.4
2.4
2.4
2.4
2.4
2.4
2.4
2.4
2.4
2.4
2.4
2.4
2.4
2.4
2.4
2.4
2.4
2.4
2.4
2.4
2.4
2.4
